/media/mike/WD_4TB/karyon_longread/concat_mrl20k_q15l15k_pepper/outputs/redundans/scaffolds.reduced.fasta /media/mike/WD_4TB/karyon_longread/data/assemblies/concat_mrl20k_q15l15k_pepper.fasta
NUCMER

[S1]	[E1]	[S2]	[E2]	[LEN 1]	[LEN 2]	[% IDY]	[LEN R]	[LEN Q]	[COV R]	[COV Q]	[TAGS]
1	655686	948948	293263	655686	655686	100.00	7631931	948948	8.59	69.10	redundans_scaffold00001	138
58357	75039	224753	208085	16683	16669	96.31	7631931	705048	0.22	2.36	redundans_scaffold00001	716
313102	329310	89816	73289	16209	16528	93.30	7631931	741226	0.21	2.23	redundans_scaffold00001	702
655702	1115405	705048	245345	459704	459704	100.00	7631931	705048	6.02	65.20	redundans_scaffold00001	716
961866	979074	26052	8827	17209	17226	99.12	7631931	447108	0.23	3.85	redundans_scaffold00001	1226
962134	979075	67110	84047	16942	16938	98.16	7631931	948948	0.22	1.78	redundans_scaffold00001	138
1115421	1266966	1	151546	151546	151546	100.00	7631931	405336	1.99	37.39	redundans_scaffold00001	1354
1266982	1735038	1	468057	468057	468057	100.00	7631931	526910	6.13	88.83	redundans_scaffold00001	340
1591931	1618803	343061	370096	26873	27036	98.53	7631931	405336	0.35	6.67	redundans_scaffold00001	1354
1735054	1754514	101101	81641	19461	19461	100.00	7631931	101101	0.25	19.25	redundans_scaffold00001	1386
1754530	1959729	322671	117472	205200	205200	100.00	7631931	322671	2.69	63.59	redundans_scaffold00001	544
1959745	2108373	1	148629	148629	148629	100.00	7631931	148629	1.95	100.00	redundans_scaffold00001	1490
2110695	4495893	1	2385199	2385199	2385199	100.00	7631931	2397461	31.25	99.49	redundans_scaffold00001	146
2243708	2264946	12430	34444	21239	22015	94.66	7631931	420722	0.28	5.23	redundans_scaffold00001	506
2516472	2535790	288448	307852	19319	19405	96.90	7631931	420722	0.25	4.61	redundans_scaffold00001	506
2590195	2606915	370562	387262	16721	16701	98.50	7631931	420722	0.22	3.97	redundans_scaffold00001	506
2796752	2816601	275307	255103	19850	20205	94.32	7631931	381258	0.26	5.30	redundans_scaffold00001	600
3043231	3067068	72866	49025	23838	23842	97.39	7631931	381258	0.31	6.25	redundans_scaffold00001	600
3100223	3116076	350799	366619	15854	15821	97.66	7631931	456748	0.21	3.46	redundans_scaffold00001	660
3335336	3352390	412773	429775	17055	17003	99.05	7631931	1062192	0.22	1.60	redundans_scaffold00001	26
3352389	3370178	1079778	1097563	17790	17786	99.51	7631931	1233938	0.23	1.44	redundans_scaffold00001	48
3382462	3405923	739880	716631	23462	23250	95.82	7631931	801196	0.31	2.90	redundans_scaffold00001	968
3587381	3602392	692549	677487	15012	15063	91.52	7631931	1200772	0.20	1.25	redundans_scaffold00001	136
3590235	3612274	551981	529983	22040	21999	96.85	7631931	801196	0.29	2.75	redundans_scaffold00001	968
4157956	4176850	72114	53208	18895	18907	94.69	7631931	801196	0.25	2.36	redundans_scaffold00001	968
4495909	5230665	1	734757	734757	734757	100.00	7631931	1233938	9.63	59.55	redundans_scaffold00001	48
5230681	5943613	1	712933	712933	712933	100.00	7631931	712950	9.34	100.00	redundans_scaffold00001	414
5464047	5480329	214097	197763	16283	16335	97.74	7631931	222266	0.21	7.35	redundans_scaffold00001	640
5464359	5480329	457636	473638	15971	16003	97.58	7631931	568477	0.21	2.82	redundans_scaffold00001	94
5884002	5901000	412773	429774	16999	17002	99.66	7631931	1062192	0.22	1.60	redundans_scaffold00001	26
5884002	5899983	417879	433845	15982	15967	99.71	7631931	584395	0.21	2.73	redundans_scaffold00001	294
5943629	6049503	1	105875	105875	105875	100.00	7631931	105898	1.39	99.98	redundans_scaffold00001	1764
5953561	5969276	66597	51021	15716	15577	98.50	7631931	76307	0.21	20.41	redundans_scaffold00001	1026
6004871	6019982	32985	17509	15112	15477	95.68	7631931	76307	0.20	20.28	redundans_scaffold00001	1026
6049519	6244493	194978	4	194975	194975	100.00	7631931	194978	2.55	100.00	redundans_scaffold00001	300
6244524	6697452	1	452929	452929	452929	100.00	7631931	606596	5.93	74.67	redundans_scaffold00001	776
6697483	7065944	411625	43164	368462	368462	100.00	7631931	411625	4.83	89.51	redundans_scaffold00001	854
7018920	7038996	16249	36189	20077	19941	96.44	7631931	105635	0.26	18.88	redundans_scaffold00001	1538
7065960	7479760	647333	233533	413801	413801	100.00	7631931	647333	5.42	63.92	redundans_scaffold00001	282
7479776	7611104	1	131329	131329	131329	100.00	7631931	225335	1.72	58.28	redundans_scaffold00001	758
7611120	7631931	1	20812	20812	20812	100.00	7631931	20812	0.27	100.00	redundans_scaffold00001	930
1	641758	1	641758	641758	641758	100.00	4233092	641758	15.16	100.00	redundans_scaffold00002	34
486026	510586	121919	97331	24561	24589	99.05	4233092	168270	0.58	14.61	redundans_scaffold00002	1318
491518	510591	1670	20762	19074	19093	98.90	4233092	168270	0.45	11.35	redundans_scaffold00002	1318
656275	1158108	501834	1	501834	501834	100.00	4233092	501834	11.86	100.00	redundans_scaffold00002	116
1051764	1073199	825456	804037	21436	21420	94.64	4233092	1115537	0.51	1.92	redundans_scaffold00002	844
1158948	1358022	1	199075	199075	199075	100.00	4233092	199075	4.70	100.00	redundans_scaffold00002	274
1358041	1461371	1	103331	103331	103331	100.00	4233092	103352	2.44	99.98	redundans_scaffold00002	1206
1461402	2166357	1	704956	704956	704956	100.00	4233092	2072160	16.65	34.02	redundans_scaffold00002	40
1646644	1666920	1373843	1353667	20277	20177	95.94	4233092	1461736	0.48	1.38	redundans_scaffold00002	88
1794789	1812617	1226543	1208702	17829	17842	95.55	4233092	1461736	0.42	1.22	redundans_scaffold00002	88
1983822	2002722	1063628	1044808	18901	18821	93.16	4233092	1461736	0.45	1.29	redundans_scaffold00002	88
2005827	2031444	1040826	1015357	25618	25470	95.75	4233092	1461736	0.61	1.74	redundans_scaffold00002	88
2091077	2108138	955211	938283	17062	16929	98.10	4233092	1461736	0.40	1.16	redundans_scaffold00002	88
2166373	2598122	1	431750	431750	431750	100.00	4233092	584218	10.20	73.90	redundans_scaffold00002	964
2187379	2202951	20236	35483	15573	15248	96.83	4233092	123327	0.37	12.36	redundans_scaffold00002	1722
2598153	3110180	1	512028	512028	512028	100.00	4233092	1115537	12.10	45.90	redundans_scaffold00002	844
2615242	2634505	63080	43806	19264	19275	99.01	4233092	234719	0.46	8.21	redundans_scaffold00002	66
2638156	2663992	40548	14740	25837	25809	99.13	4233092	234719	0.61	11.00	redundans_scaffold00002	66
3110196	4233092	1122897	1	1122897	1122897	100.00	4233092	1122897	26.53	100.00	redundans_scaffold00002	870
3844353	3860588	894593	910937	16236	16345	98.47	4233092	1115537	0.38	1.47	redundans_scaffold00002	844
3898792	3921236	972062	994458	22445	22397	99.16	4233092	1115537	0.53	2.01	redundans_scaffold00002	844
1	275713	1	275713	275713	275713	99.96	1277122	1778376	21.59	15.50	redundans_scaffold00003	120
274958	1277122	1	1002165	1002165	1002165	100.00	1277122	1002165	78.47	100.00	redundans_scaffold00003	542
282182	299227	123576	140878	17046	17303	96.75	1277122	973870	1.33	1.78	redundans_scaffold00003	308
381036	406953	219361	245262	25918	25902	96.14	1277122	973870	2.03	2.66	redundans_scaffold00003	308
454452	475428	296750	317677	20977	20928	97.76	1277122	973870	1.64	2.15	redundans_scaffold00003	308
659550	677785	185789	204099	18236	18311	99.31	1277122	671700	1.43	2.73	redundans_scaffold00003	216
659550	677787	11416	29728	18238	18313	99.41	1277122	705048	1.43	2.60	redundans_scaffold00003	716
660408	677785	581239	598670	17378	17432	99.42	1277122	807704	1.36	2.16	redundans_scaffold00003	482
908302	923398	754154	769230	15097	15077	93.09	1277122	973870	1.18	1.55	redundans_scaffold00003	308
995128	1012105	577437	594400	16978	16964	99.54	1277122	598935	1.33	2.83	redundans_scaffold00003	304
995128	1012102	709813	692844	16975	16970	99.74	1277122	1115537	1.33	1.52	redundans_scaffold00003	844
1	823402	823402	1	823402	823402	100.00	8698415	823402	9.47	100.00	redundans_scaffold00004	734
884453	1013404	161005	32054	128952	128952	100.00	8698415	161005	1.48	80.09	redundans_scaffold00004	1552
1013420	1723187	1046702	336935	709768	709768	100.00	8698415	1046702	8.16	67.81	redundans_scaffold00004	258
1665610	1682554	26989	10037	16945	16953	99.48	8698415	192268	0.19	8.82	redundans_scaffold00004	276
1723203	2218819	651040	155424	495617	495617	100.00	8698415	651040	5.70	76.13	redundans_scaffold00004	754
2159643	2177045	381605	399021	17403	17417	98.07	8698415	447108	0.20	3.90	redundans_scaffold00004	1226
2218835	3109417	1	890583	890583	890583	100.00	8698415	891670	10.24	99.88	redundans_scaffold00004	242
2254144	2277849	743684	719919	23706	23766	98.05	8698415	779274	0.27	3.05	redundans_scaffold00004	128
2324906	2347222	672644	650254	22317	22391	97.15	8698415	779274	0.26	2.87	redundans_scaffold00004	128
2410897	2431189	584163	563218	20293	20946	93.99	8698415	779274	0.23	2.69	redundans_scaffold00004	128
2525293	2544429	196236	177105	19137	19132	96.25	8698415	542705	0.22	3.53	redundans_scaffold00004	20
2563482	2581306	502957	485128	17825	17830	97.57	8698415	779274	0.20	2.29	redundans_scaffold00004	128
2763486	2785341	325755	304048	21856	21708	97.26	8698415	779274	0.25	2.79	redundans_scaffold00004	128
2841029	2858866	105617	87583	17838	18035	92.90	8698415	536747	0.21	3.36	redundans_scaffold00004	1000
2859191	2875286	87087	71002	16096	16086	90.51	8698415	536747	0.19	3.00	redundans_scaffold00004	1000
3109433	3374292	556529	291670	264860	264860	100.00	8698415	556529	3.04	47.59	redundans_scaffold00004	62
3374308	4319453	1	945146	945146	945146	100.00	8698415	999567	10.87	94.56	redundans_scaffold00004	500
4117650	4135535	241559	259245	17886	17687	92.77	8698415	389434	0.21	4.54	redundans_scaffold00004	902
4198367	4213964	276923	261333	15598	15591	99.48	8698415	1137748	0.18	1.37	redundans_scaffold00004	486
4319469	4703662	472207	88014	384194	384194	100.00	8698415	472207	4.42	81.36	redundans_scaffold00004	1290
4651763	4669016	17638	384	17254	17255	99.16	8698415	21081	0.20	81.85	redundans_scaffold00004	1822
4651763	4669038	458550	475984	17276	17435	96.52	8698415	519590	0.20	3.36	redundans_scaffold00004	682
4703693	4862643	1	158951	158951	158951	100.00	8698415	213869	1.83	74.32	redundans_scaffold00004	56
4862659	5006964	313144	168839	144306	144306	100.00	8698415	313144	1.66	46.08	redundans_scaffold00004	810
5006980	5036983	188007	158004	30004	30004	100.00	8698415	188007	0.34	15.96	redundans_scaffold00004	1612
5036999	5516717	579196	99478	479719	479719	100.00	8698415	579196	5.52	82.82	redundans_scaffold00004	956
5516733	6085929	730308	161112	569197	569197	100.00	8698415	730308	6.54	77.94	redundans_scaffold00004	546
6085960	7147751	1	1061792	1061792	1061792	100.00	8698415	1440284	12.21	73.72	redundans_scaffold00004	912
6183483	6199076	297225	281639	15594	15587	99.67	8698415	1046702	0.18	1.49	redundans_scaffold00004	258
6183486	6199075	123672	108123	15590	15550	99.51	8698415	304075	0.18	5.11	redundans_scaffold00004	402
6183486	6199076	276923	261332	15591	15592	99.68	8698415	1137748	0.18	1.37	redundans_scaffold00004	486
6183486	6199075	554	16150	15590	15597	99.42	8698415	67214	0.18	23.20	redundans_scaffold00004	510
6183486	6199075	403874	388286	15590	15589	99.74	8698415	414048	0.18	3.77	redundans_scaffold00004	68
6183486	6199075	111932	127522	15590	15591	99.71	8698415	278026	0.18	5.61	redundans_scaffold00004	934
6369800	6387189	40360	23062	17390	17299	93.74	8698415	157741	0.20	10.97	redundans_scaffold00004	696
6464597	6481529	1062035	1045422	16933	16614	96.32	8698415	1062192	0.19	1.56	redundans_scaffold00004	26
6538342	6564864	984376	957767	26523	26610	97.09	8698415	1062192	0.30	2.51	redundans_scaffold00004	26
6685239	6704862	835323	815537	19624	19787	97.06	8698415	1062192	0.23	1.86	redundans_scaffold00004	26
6959685	6978136	546085	527618	18452	18468	97.75	8698415	1062192	0.21	1.74	redundans_scaffold00004	26
7147767	7328635	1	180869	180869	180869	100.00	8698415	287137	2.08	62.99	redundans_scaffold00004	484
7328651	7409258	163916	83394	80608	80523	99.87	8698415	163916	0.93	49.12	redundans_scaffold00004	492
7408835	7786591	1	377757	377757	377757	100.00	8698415	392215	4.34	96.31	redundans_scaffold00004	606
7786622	7927572	476215	335265	140951	140951	100.00	8698415	476215	1.62	29.60	redundans_scaffold00004	212
7927588	8698415	770828	1	770828	770828	100.00	8698415	770828	8.86	100.00	redundans_scaffold00004	508
1	877684	1	877684	877684	877684	100.00	2296360	1363323	38.22	64.38	redundans_scaffold00005	326
332805	351479	63035	81679	18675	18645	97.00	2296360	347862	0.81	5.36	redundans_scaffold00005	154
877700	2296360	1	1418661	1418661	1418661	100.00	2296360	1418661	61.78	100.00	redundans_scaffold00005	364
1751414	1768431	359411	376454	17018	17044	93.74	2296360	395638	0.74	4.31	redundans_scaffold00005	1076
1968932	1986614	885917	903477	17683	17561	97.71	2296360	1363323	0.77	1.29	redundans_scaffold00005	326
1	1401366	1	1401366	1401366	1401366	100.00	1401366	1401366	100.00	100.00	redundans_scaffold00006	582
94977	110434	323269	338851	15458	15583	92.95	1401366	428885	1.10	3.63	redundans_scaffold00006	550
98122	121673	479497	455855	23552	23643	97.99	1401366	598935	1.68	3.95	redundans_scaffold00006	304
121704	138990	455192	437962	17287	17231	96.24	1401366	598935	1.23	2.88	redundans_scaffold00006	304
214047	237893	370841	346906	23847	23936	97.72	1401366	598935	1.70	4.00	redundans_scaffold00006	304
352677	369751	240514	223499	17075	17016	97.37	1401366	598935	1.22	2.84	redundans_scaffold00006	304
1	135831	1	135831	135831	135831	100.00	6946571	519590	1.96	26.14	redundans_scaffold00007	682
135847	631167	1	495321	495321	495321	100.00	6946571	495321	7.13	100.00	redundans_scaffold00007	636
368352	385304	10033	26987	16953	16955	99.51	6946571	192268	0.24	8.82	redundans_scaffold00007	276
369498	385306	200194	215913	15809	15720	99.05	6946571	271829	0.23	5.78	redundans_scaffold00007	1516
631605	1972450	1	1340846	1340846	1340846	100.00	6946571	1340846	19.30	100.00	redundans_scaffold00007	214
2021488	2498295	476817	10	476808	476808	100.00	6946571	476817	6.86	100.00	redundans_scaffold00007	766
2498311	2907959	409649	1	409649	409649	100.00	6946571	409649	5.90	100.00	redundans_scaffold00007	764
2587987	2605820	209823	227445	17834	17623	97.64	6946571	315315	0.26	5.59	redundans_scaffold00007	1234
2619960	2637216	178790	161994	17257	16797	96.14	6946571	209658	0.25	8.01	redundans_scaffold00007	196
2928508	3039201	1	110694	110694	110694	100.00	6946571	147585	1.59	75.00	redundans_scaffold00007	1028
3039217	3056962	102649	120703	17746	18055	97.46	6946571	147585	0.26	12.23	redundans_scaffold00007	1028
3039217	3093769	223334	168782	54553	54553	100.00	6946571	223334	0.79	24.43	redundans_scaffold00007	896
3093785	3201073	1	107289	107289	107289	100.00	6946571	118695	1.54	90.39	redundans_scaffold00007	568
3201089	3748381	670801	123509	547293	547293	100.00	6946571	670801	7.88	81.59	redundans_scaffold00007	208
3748397	4340757	1009615	417263	592361	592353	99.97	6946571	1009615	8.53	58.67	redundans_scaffold00007	736
4171508	4190152	394825	376240	18645	18586	96.55	6946571	807704	0.27	2.30	redundans_scaffold00007	482
4339488	4645487	1	306000	306000	306000	100.00	6946571	306000	4.41	100.00	redundans_scaffold00007	618
4694148	5209808	515661	1	515661	515661	100.00	6946571	515661	7.42	100.00	redundans_scaffold00007	104
5122167	5144787	23050	428	22621	22623	98.12	6946571	36325	0.33	62.28	redundans_scaffold00007	538
5223344	5535688	1	312345	312345	312345	100.00	6946571	312509	4.50	99.95	redundans_scaffold00007	838
5234908	5251344	16423	32749	16437	16327	95.68	6946571	285085	0.24	5.73	redundans_scaffold00007	182
5278697	5294165	60518	76025	15469	15508	94.53	6946571	285085	0.22	5.44	redundans_scaffold00007	182
5381894	5397799	164665	180614	15906	15950	96.51	6946571	285085	0.23	5.59	redundans_scaffold00007	182
5445355	5463461	1016029	997932	18107	18098	99.61	6946571	1263523	0.26	1.43	redundans_scaffold00007	0
5445357	5463462	258861	276946	18106	18086	99.61	6946571	568477	0.26	3.18	redundans_scaffold00007	94
5463462	5486476	224257	247242	23015	22986	97.71	6946571	285085	0.33	8.06	redundans_scaffold00007	182
5492874	5510689	125069	142678	17816	17610	94.12	6946571	145532	0.26	12.10	redundans_scaffold00007	722
5547772	5573920	26149	1	26149	26149	100.00	6946571	26149	0.38	100.00	redundans_scaffold00007	1362
5575515	5668353	92839	1	92839	92839	100.00	6946571	92839	1.34	100.00	redundans_scaffold00007	408
5586321	5606086	33148	52869	19766	19722	92.14	6946571	52869	0.28	37.30	redundans_scaffold00007	106
5646633	5664462	34815	52661	17830	17847	91.80	6946571	141088	0.26	12.65	redundans_scaffold00007	1044
5668710	5894451	278054	52313	225742	225742	100.00	6946571	278054	3.25	81.19	redundans_scaffold00007	648
5894467	6946571	1	1052105	1052105	1052105	100.00	6946571	1052105	15.15	100.00	redundans_scaffold00007	362
1	239800	1	239800	239800	239800	100.00	2204953	458420	10.88	52.31	redundans_scaffold00008	142
239816	1509422	1	1269607	1269607	1269607	100.00	2204953	1269619	57.58	100.00	redundans_scaffold00008	100
433151	449224	261405	277308	16074	15904	92.57	2204953	458420	0.73	3.47	redundans_scaffold00008	142
576271	591618	36092	51442	15348	15351	98.72	2204953	51450	0.70	29.84	redundans_scaffold00008	1658
576274	591614	1197224	1181874	15341	15351	99.09	2204953	1263523	0.70	1.21	redundans_scaffold00008	0
1455149	1474427	586851	606127	19279	19277	92.22	2204953	643475	0.87	3.00	redundans_scaffold00008	672
1509438	1600398	90961	1	90961	90961	100.00	2204953	90961	4.13	100.00	redundans_scaffold00008	1422
1609685	2204953	1	595269	595269	595269	100.00	2204953	595269	27.00	100.00	redundans_scaffold00008	740
1830491	1850154	228407	248091	19664	19685	96.65	2204953	584395	0.89	3.37	redundans_scaffold00008	294
1853814	1871788	250356	268199	17975	17844	97.14	2204953	584395	0.82	3.05	redundans_scaffold00008	294
2044970	2062232	456916	474296	17263	17381	94.96	2204953	584395	0.78	2.97	redundans_scaffold00008	294
1	99133	1	99133	99133	99133	100.00	2205126	106085	4.50	93.45	redundans_scaffold00009	1388
99149	267818	1	168670	168670	168670	100.00	2205126	171036	7.65	98.62	redundans_scaffold00009	1190
120540	145095	190460	165889	24556	24572	99.61	2205126	520971	1.11	4.72	redundans_scaffold00009	512
267834	768981	839460	338313	501148	501148	100.00	2205126	839460	22.73	59.70	redundans_scaffold00009	256
768997	1161526	1	392530	392530	392530	100.00	2205126	1263523	17.80	31.07	redundans_scaffold00009	0
855239	872933	330066	312189	17695	17878	96.24	2205126	839460	0.80	2.13	redundans_scaffold00009	256
956310	971476	221877	206734	15167	15144	97.13	2205126	839460	0.69	1.80	redundans_scaffold00009	256
973968	991437	203060	185645	17470	17416	96.98	2205126	839460	0.79	2.07	redundans_scaffold00009	256
994809	1020749	182538	156793	25941	25746	97.64	2205126	839460	1.18	3.07	redundans_scaffold00009	256
1024797	1039917	150886	135739	15121	15148	95.81	2205126	839460	0.69	1.80	redundans_scaffold00009	256
1050865	1067962	116106	98985	17098	17122	98.49	2205126	839460	0.78	2.04	redundans_scaffold00009	256
1112447	1133973	34858	13258	21527	21601	98.80	2205126	839460	0.98	2.57	redundans_scaffold00009	256
1161542	1932974	771438	6	771433	771433	100.00	2205126	771438	34.98	100.00	redundans_scaffold00009	434
1205880	1222449	135289	118708	16570	16582	99.27	2205126	179477	0.75	9.24	redundans_scaffold00009	634
1225103	1244933	79154	98984	19831	19831	99.68	2205126	136296	0.90	14.55	redundans_scaffold00009	556
1256420	1277441	45582	66491	21022	20910	98.28	2205126	136296	0.95	15.34	redundans_scaffold00009	556
1475389	1496270	273681	294596	20882	20916	97.35	2205126	694223	0.95	3.01	redundans_scaffold00009	518
1932990	1961188	1	28199	28199	28199	100.00	2205126	28208	1.28	99.97	redundans_scaffold00009	416
1961204	2205126	1	243923	243923	243923	100.00	2205126	243923	11.06	100.00	redundans_scaffold00009	418
1	75882	75882	1	75882	75882	100.00	1733720	75882	4.38	100.00	redundans_scaffold00010	782
75900	198003	1	122104	122104	122104	100.00	1733720	122121	7.04	99.99	redundans_scaffold00010	1602
198019	536828	897899	559090	338810	338810	100.00	1733720	897899	19.54	37.73	redundans_scaffold00010	502
536844	1733720	1	1196877	1196877	1196877	100.00	1733720	1196877	69.04	100.00	redundans_scaffold00010	174
1010125	1029241	300053	280931	19117	19123	98.05	1733720	897899	1.10	2.13	redundans_scaffold00010	502
1051942	1068958	241329	224356	17017	16974	94.49	1733720	897899	0.98	1.89	redundans_scaffold00010	502
1605927	1622941	69779	86791	17015	17013	95.21	1733720	536747	0.98	3.17	redundans_scaffold00010	1000
1662454	1687952	114862	140212	25499	25351	97.79	1733720	536747	1.47	4.72	redundans_scaffold00010	1000
1703026	1728472	159587	185013	25447	25427	97.95	1733720	536747	1.47	4.74	redundans_scaffold00010	1000
1	117752	1	117752	117752	117752	100.00	2021573	271829	5.82	43.32	redundans_scaffold00011	1516
117783	1246256	1	1128474	1128474	1128474	100.00	2021573	1128485	55.82	100.00	redundans_scaffold00011	84
248737	265839	85991	103088	17103	17098	94.95	2021573	1047152	0.85	1.63	redundans_scaffold00011	1086
346567	364757	164984	182896	18191	17913	94.16	2021573	1047152	0.90	1.71	redundans_scaffold00011	1086
488847	507097	301203	319425	18251	18223	96.51	2021573	1047152	0.90	1.74	redundans_scaffold00011	1086
579279	601049	129944	108067	21771	21878	98.64	2021573	296502	1.08	7.38	redundans_scaffold00011	1348
579280	603319	84856	108857	24040	24002	99.01	2021573	801196	1.19	3.00	redundans_scaffold00011	968
579283	603319	236226	260324	24037	24099	99.36	2021573	474369	1.19	5.08	redundans_scaffold00011	262
584622	601884	81692	64574	17263	17119	95.68	2021573	347862	0.85	4.92	redundans_scaffold00011	154
1246272	1292890	1	46619	46619	46619	100.00	2021573	46626	2.31	99.98	redundans_scaffold00011	1682
1292906	1350657	1	57752	57752	57752	100.00	2021573	102151	2.86	56.54	redundans_scaffold00011	1546
1350688	1739585	388898	1	388898	388898	100.00	2021573	388898	19.24	100.00	redundans_scaffold00011	1004
1771910	2021573	1	249664	249664	249664	100.00	2021573	249664	12.35	100.00	redundans_scaffold00011	334
1889251	1904537	326150	341516	15287	15367	98.46	2021573	624240	0.76	2.46	redundans_scaffold00011	360
1	169683	193909	24227	169683	169683	100.00	3026171	193909	5.61	87.51	redundans_scaffold00012	1306
169699	343043	292323	119088	173345	173236	99.85	3026171	292323	5.73	59.26	redundans_scaffold00012	476
340130	513092	1	172963	172963	172963	100.00	3026171	173150	5.72	99.89	redundans_scaffold00012	1556
513123	1106132	593010	1	593010	593010	100.00	3026171	593010	19.60	100.00	redundans_scaffold00012	52
998511	1015761	66812	84045	17251	17234	99.24	3026171	948948	0.57	1.82	redundans_scaffold00012	138
998512	1015761	475959	458550	17250	17410	97.33	3026171	519590	0.57	3.35	redundans_scaffold00012	682
1161039	1748334	1	587296	587296	587296	100.00	3026171	1110641	19.41	52.88	redundans_scaffold00012	664
1748365	1957799	671700	462266	209435	209435	100.00	3026171	671700	6.92	31.18	redundans_scaffold00012	216
1826098	1841363	469592	454336	15266	15257	94.36	3026171	558109	0.50	2.73	redundans_scaffold00012	1332
1957815	2023311	112244	46748	65497	65497	100.00	3026171	112244	2.16	58.35	redundans_scaffold00012	1640
1966341	1987963	24028	2416	21623	21613	99.80	3026171	141638	0.71	15.26	redundans_scaffold00012	1774
1966341	1987964	500060	478441	21624	21620	99.86	3026171	871801	0.71	2.48	redundans_scaffold00012	468
1966346	1987963	494377	472775	21618	21603	98.39	3026171	520971	0.71	4.15	redundans_scaffold00012	512
1969997	1987962	29515	11548	17966	17968	99.72	3026171	395080	0.59	4.55	redundans_scaffold00012	14
1970564	1987967	473881	456477	17404	17405	99.76	3026171	671700	0.58	2.59	redundans_scaffold00012	216
2023342	2115294	1	91953	91953	91953	100.00	3026171	456556	3.04	20.14	redundans_scaffold00012	1456
2115310	2227667	171857	59500	112358	112358	100.00	3026171	171857	3.71	65.38	redundans_scaffold00012	260
2227683	2401559	1	173877	173877	173877	100.00	3026171	310515	5.75	56.00	redundans_scaffold00012	662
2401575	3026171	624597	1	624597	624597	100.00	3026171	624597	20.64	100.00	redundans_scaffold00012	220
2419853	2438884	20432	1428	19032	19005	99.67	3026171	948948	0.63	2.00	redundans_scaffold00012	138
2420464	2438882	186387	168101	18419	18287	98.22	3026171	271829	0.61	6.73	redundans_scaffold00012	1516
2497532	2512800	525292	509989	15269	15304	97.25	3026171	544002	0.50	2.81	redundans_scaffold00012	80
2800345	2828140	241134	213029	27796	28106	98.02	3026171	544002	0.92	5.17	redundans_scaffold00012	80
2997721	3013236	59841	44235	15516	15607	95.96	3026171	544002	0.51	2.87	redundans_scaffold00012	80
16	1100830	1	1100815	1100815	1100815	100.00	1100830	1100815	100.00	100.00	redundans_scaffold00013	244
78763	100100	30215	52411	21338	22197	93.00	1100830	476481	1.94	4.66	redundans_scaffold00013	832
782113	799365	22158	39404	17253	17247	99.50	1100830	56978	1.57	30.27	redundans_scaffold00013	1776
853320	874112	224990	245608	20793	20619	98.74	1100830	395080	1.89	5.22	redundans_scaffold00013	14
853320	874112	112713	133674	20793	20962	98.13	1100830	705048	1.89	2.97	redundans_scaffold00013	716
927026	945452	168102	186387	18427	18286	97.98	1100830	271829	1.67	6.73	redundans_scaffold00013	1516
1072545	1092521	218500	198388	19977	20113	94.93	1100830	308482	1.81	6.52	redundans_scaffold00013	1034
1074361	1091259	17945	1092	16899	16854	97.63	1100830	283428	1.54	5.95	redundans_scaffold00013	586
1076117	1092518	202214	185693	16402	16522	94.95	1100830	308482	1.49	5.36	redundans_scaffold00013	1034
1080992	1096814	192590	176694	15823	15897	94.96	1100830	308482	1.44	5.15	redundans_scaffold00013	1034
1082442	1100830	939435	921124	18389	18312	96.28	1100830	1110641	1.67	1.65	redundans_scaffold00013	664
1084254	1099920	37174	21715	15667	15460	96.53	1100830	283428	1.42	5.45	redundans_scaffold00013	586
1	213890	1	213890	213890	213890	100.00	1345114	213890	15.90	100.00	redundans_scaffold00014	426
273092	1345114	1	1072023	1072023	1072023	100.00	1345114	1072023	79.70	100.00	redundans_scaffold00014	36
281052	296144	87935	103035	15093	15101	98.64	1345114	395080	1.12	3.82	redundans_scaffold00014	14
1128212	1143609	326134	341503	15398	15370	99.18	1345114	624240	1.14	2.46	redundans_scaffold00014	360
1128230	1143602	70622	85987	15373	15366	99.32	1345114	94931	1.14	16.19	redundans_scaffold00014	266
1128232	1143606	112028	96652	15375	15377	98.21	1345114	204321	1.14	7.53	redundans_scaffold00014	1136
1128232	1143608	127159	142504	15377	15346	99.22	1345114	146949	1.14	10.44	redundans_scaffold00014	1440
1	296556	442619	146064	296556	296556	100.00	2144369	442619	13.83	67.00	redundans_scaffold00015	784
296572	1306262	1	1009691	1009691	1009691	100.00	2144369	1012295	47.09	99.74	redundans_scaffold00015	652
1306278	1348744	1	42492	42467	42492	99.37	2144369	55922	1.98	75.98	redundans_scaffold00015	436
1346763	1392105	1	45343	45343	45343	100.00	2144369	74192	2.11	61.12	redundans_scaffold00015	1930
1392136	2144369	752234	1	752234	752234	100.00	2144369	752234	35.08	100.00	redundans_scaffold00015	50
5959	394215	388257	1	388257	388257	100.00	1550294	388257	25.04	100.00	redundans_scaffold00016	292
37244	53552	17638	34193	16309	16556	95.45	1550294	334490	1.05	4.95	redundans_scaffold00016	986
216379	233954	196684	214179	17576	17496	95.54	1550294	334490	1.13	5.23	redundans_scaffold00016	986
345491	363415	316655	334490	17925	17836	93.12	1550294	334490	1.16	5.33	redundans_scaffold00016	986
394375	1164477	1	770103	770103	770103	100.00	1550294	982176	49.67	78.41	redundans_scaffold00016	230
661216	676361	712921	697675	15146	15247	95.06	1550294	744751	0.98	2.05	redundans_scaffold00016	12
700278	728308	662222	634135	28031	28088	99.21	1550294	744751	1.81	3.77	redundans_scaffold00016	12
858148	874987	504382	487454	16840	16929	96.84	1550294	744751	1.09	2.27	redundans_scaffold00016	12
1005319	1020886	346597	330959	15568	15639	97.61	1550294	744751	1.00	2.10	redundans_scaffold00016	12
1076182	1093477	280994	263617	17296	17378	97.78	1550294	744751	1.12	2.33	redundans_scaffold00016	12
1119831	1136208	21030	4751	16378	16280	90.04	1550294	27046	1.06	60.19	redundans_scaffold00016	814
1164493	1550294	385802	1	385802	385802	100.00	1550294	385802	24.89	100.00	redundans_scaffold00016	770
1257067	1279069	272294	249546	22003	22749	93.85	1550294	381463	1.42	5.96	redundans_scaffold00016	760
1301300	1322509	908311	929592	21210	21282	91.28	1550294	982176	1.37	2.17	redundans_scaffold00016	230
1308039	1326411	218315	200270	18373	18046	95.99	1550294	381463	1.19	4.73	redundans_scaffold00016	760
1341681	1357097	190437	175305	15417	15133	96.50	1550294	381463	0.99	3.97	redundans_scaffold00016	760
1421079	1439673	116190	97733	18595	18458	97.69	1550294	381463	1.20	4.84	redundans_scaffold00016	760
1422858	1443804	33156	54209	20947	21054	92.04	1550294	137424	1.35	15.32	redundans_scaffold00016	998
1454155	1471146	81385	64463	16992	16923	98.65	1550294	381463	1.10	4.44	redundans_scaffold00016	760
16	199836	199855	35	199821	199821	100.00	1432294	199855	13.95	99.98	redundans_scaffold00017	1048
199867	260537	60671	1	60671	60671	100.00	1432294	60671	4.24	100.00	redundans_scaffold00017	1604
260538	310733	50196	1	50196	50196	100.00	1432294	50196	3.50	100.00	redundans_scaffold00017	1466
315715	456384	147333	6664	140670	140670	100.00	1432294	147333	9.82	95.48	redundans_scaffold00017	630
360693	380019	43485	62808	19327	19324	99.79	1432294	142926	1.35	13.52	redundans_scaffold00017	878
456415	1432294	1	975880	975880	975880	100.00	1432294	975880	68.13	100.00	redundans_scaffold00017	222
1307270	1326894	362421	382102	19625	19682	97.96	1432294	496838	1.37	3.96	redundans_scaffold00017	674
1	924819	1	924819	924819	924819	100.00	924819	924819	100.00	100.00	redundans_scaffold00018	714
9967	29468	398608	418259	19502	19652	96.78	924819	1263523	2.11	1.56	redundans_scaffold00018	0
235101	254224	609072	628152	19124	19081	98.10	924819	1263523	2.07	1.51	redundans_scaffold00018	0
491139	513590	14474	36282	22452	21809	94.42	924819	314284	2.43	6.94	redundans_scaffold00018	356
513591	531057	876209	893234	17467	17026	93.74	924819	1263523	1.89	1.35	redundans_scaffold00018	0
1	35624	1	35624	35624	35624	100.00	1806866	35654	1.97	99.92	redundans_scaffold00019	654
35640	96616	1	60977	60977	60977	100.00	1806866	60977	3.37	100.00	redundans_scaffold00019	1992
97269	139426	59353	17196	42158	42158	100.00	1806866	59353	2.33	71.03	redundans_scaffold00019	750
139442	177565	38129	6	38124	38124	100.00	1806866	38129	2.11	99.99	redundans_scaffold00019	732
177581	394482	216915	14	216902	216902	100.00	1806866	216915	12.00	99.99	redundans_scaffold00019	248
394498	496919	304075	201654	102422	102422	100.00	1806866	304075	5.67	33.68	redundans_scaffold00019	402
496935	623952	1	127018	127018	127018	100.00	1806866	457333	7.03	27.77	redundans_scaffold00019	666
623968	807693	1	183726	183726	183726	100.00	1806866	308482	10.17	59.56	redundans_scaffold00019	1034
807709	883084	1	75376	75376	75376	100.00	1806866	81296	4.17	92.72	redundans_scaffold00019	1958
883100	1806866	1	923767	923767	923767	100.00	1806866	923767	51.13	100.00	redundans_scaffold00019	336
1046838	1062202	282195	297581	15365	15387	92.29	1806866	694223	0.85	2.22	redundans_scaffold00019	518
1	645367	1	645367	645367	645367	100.00	1822400	645385	35.41	100.00	redundans_scaffold00020	724
370598	390481	8794	28855	19884	20062	90.46	1822400	40148	1.09	49.97	redundans_scaffold00020	812
384538	400800	55792	72080	16263	16289	91.78	1822400	99517	0.89	16.37	redundans_scaffold00020	1228
645383	663923	1	18541	18541	18541	100.00	1822400	99714	1.02	18.59	redundans_scaffold00020	1522
663954	1092729	1	428776	428776	428776	100.00	1822400	431755	23.53	99.31	redundans_scaffold00020	762
914116	930530	518837	502445	16415	16393	98.25	1822400	1062192	0.90	1.54	redundans_scaffold00020	26
1092745	1213156	1	120412	120412	120412	100.00	1822400	904282	6.61	13.32	redundans_scaffold00020	322
1213187	1642471	1	429285	429285	429285	100.00	1822400	700987	23.56	61.24	redundans_scaffold00020	406
1642487	1822400	179914	1	179914	179914	100.00	1822400	179914	9.87	100.00	redundans_scaffold00020	1184
1	485404	485562	159	485404	485404	100.00	2653702	485562	18.29	99.97	redundans_scaffold00021	516
485420	749208	1	263789	263789	263789	100.00	2653702	263789	9.94	100.00	redundans_scaffold00021	816
699545	721144	500062	478447	21600	21616	99.56	2653702	871801	0.81	2.48	redundans_scaffold00021	468
700935	719056	636707	654796	18122	18090	93.16	2653702	1115537	0.68	1.62	redundans_scaffold00021	844
728528	748286	23725	4091	19759	19635	94.52	2653702	143435	0.74	13.69	redundans_scaffold00021	1876
753702	946194	198800	6308	192493	192493	100.00	2653702	198800	7.25	96.83	redundans_scaffold00021	916
946210	963376	1	17167	17167	17167	100.00	2653702	37283	0.65	46.05	redundans_scaffold00021	918
963392	1484130	520739	1	520739	520739	100.00	2653702	520739	19.62	100.00	redundans_scaffold00021	460
1258932	1279347	192399	171948	20416	20452	98.57	2653702	417189	0.77	4.90	redundans_scaffold00021	28
1290232	1306707	161706	145467	16476	16240	93.23	2653702	417189	0.62	3.89	redundans_scaffold00021	28
1422553	1440373	69588	51725	17821	17864	96.84	2653702	417189	0.67	4.28	redundans_scaffold00021	28
1484131	1518250	34120	1	34120	34120	100.00	2653702	34120	1.29	100.00	redundans_scaffold00021	1498
1518267	2288326	1	770060	770060	770060	100.00	2653702	899800	29.02	85.58	redundans_scaffold00021	152
1571094	1590837	649201	629481	19744	19721	96.83	2653702	694223	0.74	2.84	redundans_scaffold00021	518
1619501	1638105	594565	576034	18605	18532	97.17	2653702	694223	0.70	2.67	redundans_scaffold00021	518
1777745	1796388	798776	817479	18644	18704	95.75	2653702	1047152	0.70	1.79	redundans_scaffold00021	1086
1777745	1799821	119890	141933	22077	22044	99.04	2653702	197049	0.83	11.19	redundans_scaffold00021	430
1777745	1799099	825456	804037	21355	21420	94.99	2653702	1115537	0.80	1.92	redundans_scaffold00021	844
2027653	2043425	174251	158531	15773	15721	96.48	2653702	694223	0.59	2.26	redundans_scaffold00021	518
2288342	2491091	310454	107705	202750	202750	100.00	2653702	310454	7.64	65.31	redundans_scaffold00021	1304
2491107	2653702	1	162596	162596	162596	100.00	2653702	162596	6.13	100.00	redundans_scaffold00021	596
2579308	2595137	174036	158262	15830	15775	94.99	2653702	313903	0.60	5.03	redundans_scaffold00021	320
1	600600	872819	272220	600600	600600	100.00	1493455	872819	40.22	68.81	redundans_scaffold00022	480
600616	1493455	1	892840	892840	892840	100.00	1493455	892840	59.78	100.00	redundans_scaffold00022	44
1	245482	1	245482	245482	245482	100.00	1310203	245482	18.74	100.00	redundans_scaffold00023	1336
247790	1108291	1	860502	860502	860502	100.00	1310203	879924	65.68	97.79	redundans_scaffold00023	240
518344	535737	49321	66708	17394	17388	99.53	1310203	1046702	1.33	1.66	redundans_scaffold00023	258
518344	535737	104200	121542	17394	17343	98.18	1310203	264192	1.33	6.56	redundans_scaffold00023	302
518611	535739	152395	169503	17129	17109	97.82	1310203	395638	1.31	4.32	redundans_scaffold00023	1076
1029856	1046739	90359	73570	16884	16790	96.89	1310203	193888	1.29	8.66	redundans_scaffold00023	1338
1108307	1223928	407654	292233	115622	115422	99.58	1310203	407654	8.82	28.31	redundans_scaffold00023	780
1220986	1276298	55326	14	55313	55313	100.00	1310203	55326	4.22	99.98	redundans_scaffold00023	768
1232192	1250946	42111	23440	18755	18672	97.89	1310203	53796	1.43	34.71	redundans_scaffold00023	1122
1276314	1310203	33890	1	33890	33890	100.00	1310203	33890	2.59	100.00	redundans_scaffold00023	562
1	157435	189160	31726	157435	157435	100.00	1253400	189160	12.56	83.23	redundans_scaffold00024	1380
157451	1031453	1	874003	874003	874003	100.00	1253400	874003	69.73	100.00	redundans_scaffold00024	310
1041510	1086958	45449	1	45449	45449	100.00	1253400	45449	3.63	100.00	redundans_scaffold00024	1170
1087535	1122839	1	35305	35305	35305	100.00	1253400	38484	2.82	91.74	redundans_scaffold00024	1694
1094618	1111242	4378	20971	16625	16594	99.39	1253400	79033	1.33	21.00	redundans_scaffold00024	1178
1122855	1253400	130546	1	130546	130546	100.00	1253400	130546	10.42	100.00	redundans_scaffold00024	488
1	193253	1	193253	193253	193253	100.00	1053615	413575	18.34	46.73	redundans_scaffold00025	788
54713	84357	333589	303173	29645	30417	94.02	1053615	393818	2.81	7.72	redundans_scaffold00025	490
124510	142362	252983	235166	17853	17818	95.89	1053615	393818	1.69	4.52	redundans_scaffold00025	490
193269	1053615	1	860347	860347	860347	100.00	1053615	860347	81.66	100.00	redundans_scaffold00025	226
228658	247041	24989	43325	18384	18337	96.66	1053615	428885	1.74	4.28	redundans_scaffold00025	550
273354	305985	73408	105875	32632	32468	98.14	1053615	428885	3.10	7.57	redundans_scaffold00025	550
360682	388814	159000	187152	28133	28153	96.03	1053615	428885	2.67	6.56	redundans_scaffold00025	550
395545	432232	192871	230233	36688	37363	95.17	1053615	428885	3.48	8.71	redundans_scaffold00025	550
508487	525581	302869	320209	17095	17341	94.02	1053615	428885	1.62	4.04	redundans_scaffold00025	550
606954	623554	383127	399672	16601	16546	96.82	1053615	428885	1.58	3.86	redundans_scaffold00025	550
657543	678874	421163	399892	21332	21272	98.80	1053615	421163	2.02	5.05	redundans_scaffold00025	228
1	113958	1	113958	113958	113958	100.00	964633	414048	11.81	27.52	redundans_scaffold00026	68
113974	964633	1	850660	850660	850660	100.00	964633	850660	88.18	100.00	redundans_scaffold00026	906
927650	942763	317637	332801	15114	15165	93.63	964633	414048	1.57	3.66	redundans_scaffold00026	68
16	830020	1	830005	830005	830005	100.00	830020	830005	100.00	100.00	redundans_scaffold00027	386
392113	408034	353666	369754	15922	16089	96.61	830020	489341	1.92	3.29	redundans_scaffold00027	540
693609	708713	186694	201889	15105	15196	97.29	830020	347862	1.82	4.37	redundans_scaffold00027	154
723900	745294	221089	242490	21395	21402	97.33	830020	347862	2.58	6.15	redundans_scaffold00027	154
764711	785635	262144	283208	20925	21065	97.10	830020	347862	2.52	6.06	redundans_scaffold00027	154
1	18348	18409	1	18348	18409	99.35	2000886	21676	0.92	84.93	redundans_scaffold00028	1596
1	20445	39986	19483	20445	20504	98.99	2000886	39986	1.02	51.28	redundans_scaffold00028	1632
1	67817	1	67817	67817	67817	100.00	2000886	131101	3.39	51.73	redundans_scaffold00028	368
2	18060	18070	1	18059	18070	97.80	2000886	39986	0.90	45.19	redundans_scaffold00028	1632
67833	633710	577391	11514	565878	565878	100.00	2000886	577391	28.28	98.01	redundans_scaffold00028	458
118606	140365	19472	41770	21760	22299	95.35	2000886	63054	1.09	35.36	redundans_scaffold00028	1356
633726	1439152	1	805427	805427	805427	100.00	2000886	805427	40.25	100.00	redundans_scaffold00028	108
1196819	1216351	19835	298	19533	19538	99.72	2000886	21676	0.98	90.14	redundans_scaffold00028	1596
1196819	1216351	19501	11	19533	19491	97.55	2000886	39986	0.98	48.74	redundans_scaffold00028	1632
1440324	1519385	79066	5	79062	79062	100.00	2000886	79066	3.95	99.99	redundans_scaffold00028	1188
1519401	1549589	1	30189	30189	30189	100.00	2000886	293044	1.51	10.30	redundans_scaffold00028	718
1549605	1644760	95156	1	95156	95156	100.00	2000886	95156	4.76	100.00	redundans_scaffold00028	1558
1610074	1625461	24795	40020	15388	15226	97.72	2000886	41027	0.77	37.11	redundans_scaffold00028	1500
1649167	1786496	564664	427335	137330	137330	100.00	2000886	564664	6.86	24.32	redundans_scaffold00028	698
1786512	2000886	1	214375	214375	214375	100.00	2000886	214375	10.71	100.00	redundans_scaffold00028	1180
16	794727	1	794712	794712	794712	100.00	1399244	794746	56.80	100.00	redundans_scaffold00029	398
596333	613726	26511	43176	17394	16666	93.85	1399244	229068	1.24	7.28	redundans_scaffold00029	82
794743	814393	60858	41208	19651	19651	100.00	1399244	60858	1.40	32.29	redundans_scaffold00029	1786
818874	1159785	340912	1	340912	340912	100.00	1399244	340912	24.36	100.00	redundans_scaffold00029	296
1159786	1199563	39778	1	39778	39778	100.00	1399244	39778	2.84	100.00	redundans_scaffold00029	828
1163331	1178385	43286	58299	15055	15014	90.94	1399244	74118	1.08	20.26	redundans_scaffold00029	882
1199564	1399244	199681	1	199681	199681	100.00	1399244	199681	14.27	100.00	redundans_scaffold00029	826
1	133943	313903	179961	133943	133943	100.00	1457615	313903	9.19	42.67	redundans_scaffold00030	320
133959	685461	1	551503	551503	551503	100.00	1457615	551503	37.84	100.00	redundans_scaffold00030	102
706791	1457615	1	750825	750825	750825	100.00	1457615	750825	51.51	100.00	redundans_scaffold00030	246
832084	851863	117777	137698	19780	19922	95.73	1457615	174427	1.36	11.42	redundans_scaffold00030	616
897483	915490	156444	174427	18008	17984	98.98	1457615	174427	1.24	10.31	redundans_scaffold00030	616
1	294791	643850	349060	294791	294791	100.00	990839	643850	29.75	45.79	redundans_scaffold00032	172
294807	990839	1	696033	696033	696033	100.00	990839	696033	70.25	100.00	redundans_scaffold00032	134
760985	778244	964764	947473	17260	17292	99.07	990839	1200772	1.74	1.44	redundans_scaffold00032	136
863771	895508	319880	288329	31738	31552	98.11	990839	643850	3.20	4.90	redundans_scaffold00032	172
961404	984437	204713	181686	23034	23028	98.96	990839	643850	2.32	3.58	redundans_scaffold00032	172
1	695381	1	695381	695381	695381	100.00	695381	695381	100.00	100.00	redundans_scaffold00033	464
120011	141969	1328277	1350161	21959	21885	98.29	695381	1440284	3.16	1.52	redundans_scaffold00033	912
1	302695	1	302695	302695	302695	100.00	950330	398900	31.85	75.88	redundans_scaffold00034	1346
302711	950330	1	647620	647620	647620	100.00	950330	647620	68.15	100.00	redundans_scaffold00034	328
572204	587385	48326	63644	15182	15319	96.19	950330	314788	1.60	4.87	redundans_scaffold00034	656
832785	849051	298526	314788	16267	16263	96.09	950330	314788	1.71	5.17	redundans_scaffold00034	656
1	253630	350615	96986	253630	253630	100.00	895458	350615	28.32	72.34	redundans_scaffold00035	1368
253646	895458	1	641813	641813	641813	100.00	895458	641813	71.67	100.00	redundans_scaffold00035	270
1	629329	1	629329	629329	629329	100.00	629329	629329	100.00	100.00	redundans_scaffold00036	346
24882	40022	9991	25157	15141	15167	99.11	629329	91285	2.41	16.61	redundans_scaffold00036	1426
72154	87791	1108773	1124319	15638	15547	98.79	629329	1363323	2.48	1.14	redundans_scaffold00036	326
310794	331402	192612	213194	20609	20583	99.53	629329	222266	3.27	9.26	redundans_scaffold00036	640
310794	331344	478789	458286	20551	20504	99.34	629329	568477	3.27	3.61	redundans_scaffold00036	94
1	24978	4693	29657	24978	24965	98.11	937930	112723	2.66	22.15	redundans_scaffold00037	1766
1	115610	264725	149116	115610	115610	100.00	937930	264725	12.33	43.67	redundans_scaffold00037	98
115626	215439	1	99814	99814	99814	100.00	937930	99814	10.64	100.00	redundans_scaffold00037	1314
215440	312300	281614	184754	96861	96861	100.00	937930	281614	10.33	34.39	redundans_scaffold00037	252
312316	937930	1	625615	625615	625615	100.00	937930	625615	66.70	100.00	redundans_scaffold00037	314
1	585261	1	585261	585261	585261	100.00	1729101	616760	33.85	94.89	redundans_scaffold00038	876
585277	735457	338635	188455	150181	150181	100.00	1729101	338635	8.69	44.35	redundans_scaffold00038	1272
735473	969976	1	234504	234504	234504	100.00	1729101	234504	13.56	100.00	redundans_scaffold00038	1112
1006018	1202341	196327	4	196324	196324	100.00	1729101	196327	11.35	100.00	redundans_scaffold00038	1082
1211271	1729101	517831	1	517831	517831	100.00	1729101	517831	29.95	100.00	redundans_scaffold00038	380
1258077	1274534	254753	271183	16458	16431	99.25	1729101	948948	0.95	1.73	redundans_scaffold00038	138
10123	621594	1	611472	611472	611472	100.00	621594	611472	98.37	100.00	redundans_scaffold00039	584
1	237408	358937	121530	237408	237408	100.00	1427289	358937	16.63	66.14	redundans_scaffold00040	1062
168602	193847	65987	91192	25246	25206	98.67	1427289	91192	1.77	27.64	redundans_scaffold00040	1302
237424	296937	158036	98523	59514	59514	100.00	1427289	158036	4.17	37.66	redundans_scaffold00040	1322
309270	370130	1	60861	60861	60861	100.00	1427289	158220	4.26	38.47	redundans_scaffold00040	830
370146	484443	1	114298	114298	114298	100.00	1427289	210658	8.01	54.26	redundans_scaffold00040	46
484459	818420	362639	28678	333962	333962	100.00	1427289	362639	23.40	92.09	redundans_scaffold00040	1156
616788	634005	4011	21289	17218	17279	98.22	1427289	22125	1.21	78.10	redundans_scaffold00040	1790
818436	1427289	1	608854	608854	608854	100.00	1427289	608854	42.66	100.00	redundans_scaffold00040	804
1409431	1427267	276949	259094	17837	17856	99.53	1427289	568477	1.25	3.14	redundans_scaffold00040	94
1	118566	1	118566	118566	118566	100.00	908197	118566	13.06	100.00	redundans_scaffold00041	1142
123530	301916	184451	6065	178387	178387	100.00	908197	184451	19.64	96.71	redundans_scaffold00041	704
301932	908197	1	606266	606266	606266	100.00	908197	606266	66.75	100.00	redundans_scaffold00041	280
1	577362	1	577362	577362	577362	100.00	770032	605274	74.98	95.39	redundans_scaffold00042	1130
492082	508778	1098121	1081425	16697	16697	97.78	770032	1137748	2.17	1.47	redundans_scaffold00042	486
492096	508778	123754	107059	16683	16696	97.45	770032	167168	2.17	9.99	redundans_scaffold00042	178
577378	626539	264484	215323	49162	49162	100.00	770032	264484	6.38	18.59	redundans_scaffold00042	1416
626555	770032	1	143478	143478	143478	100.00	770032	143478	18.63	100.00	redundans_scaffold00042	536
16	216583	1	216568	216568	216568	100.00	1035768	323132	20.91	67.02	redundans_scaffold00043	190
216599	746158	1	529560	529560	529560	100.00	1035768	603357	51.13	87.77	redundans_scaffold00043	520
746174	853788	1	107615	107615	107615	100.00	1035768	127713	10.39	84.26	redundans_scaffold00043	150
853804	869549	1	15746	15746	15746	100.00	1035768	153804	1.52	10.24	redundans_scaffold00043	352
869565	1035768	1	166204	166204	166204	100.00	1035768	166204	16.05	100.00	redundans_scaffold00043	1614
888224	903715	65801	81296	15492	15496	99.70	1035768	81296	1.50	19.06	redundans_scaffold00043	1958
1	135393	1	135393	135393	135393	100.00	1084943	168132	12.48	80.53	redundans_scaffold00045	1684
135409	320553	185145	1	185145	185145	100.00	1084943	185145	17.06	100.00	redundans_scaffold00045	1154
321796	920700	1	598905	598905	598905	100.00	1084943	598905	55.20	100.00	redundans_scaffold00045	170
729945	757020	8943	36058	27076	27116	97.03	1084943	91793	2.50	29.54	redundans_scaffold00045	2058
761742	779188	20324	2875	17447	17450	99.21	1084943	62441	1.61	27.95	redundans_scaffold00045	700
761742	779188	841746	859216	17447	17471	99.05	1084943	1115537	1.61	1.57	redundans_scaffold00045	844
762045	779188	49589	66708	17144	17120	98.73	1084943	1046702	1.58	1.64	redundans_scaffold00045	258
792017	811828	47750	67825	19812	20076	95.67	1084943	91793	1.83	21.87	redundans_scaffold00045	2058
929200	1084943	1	155744	155744	155744	100.00	1084943	155744	14.36	100.00	redundans_scaffold00045	532
1	410133	1	410091	410133	410091	99.93	761887	588355	53.83	69.70	redundans_scaffold00046	290
406959	761887	354929	1	354929	354929	100.00	761887	354929	46.59	100.00	redundans_scaffold00046	874
496333	511936	127529	111932	15604	15598	99.62	761887	278026	2.05	5.61	redundans_scaffold00046	934
554947	573156	99597	81434	18210	18164	97.19	761887	99597	2.39	18.24	redundans_scaffold00046	2122
589500	613164	556838	580531	23665	23694	93.17	761887	588355	3.11	4.03	redundans_scaffold00046	290
591783	615572	69193	45309	23790	23885	95.38	761887	99597	3.12	23.98	redundans_scaffold00046	2122
718382	751062	17908	50365	32681	32458	95.25	761887	57582	4.29	56.37	redundans_scaffold00046	588
1	583971	1	583971	583971	583971	100.00	583971	583971	100.00	100.00	redundans_scaffold00047	420
1	410310	1	410310	410310	410310	100.00	538782	576569	76.16	71.16	redundans_scaffold00048	594
410326	538782	128457	1	128457	128457	100.00	538782	128457	23.84	100.00	redundans_scaffold00048	638
1	296584	1	296584	296584	296584	100.00	1698995	307369	17.46	96.49	redundans_scaffold00049	1216
296600	530349	1	233750	233750	233750	100.00	1698995	575656	13.76	40.61	redundans_scaffold00049	474
530365	1001376	471023	12	471012	471012	100.00	1698995	471023	27.72	100.00	redundans_scaffold00049	440
768035	783951	240189	224350	15917	15840	96.37	1698995	462090	0.94	3.43	redundans_scaffold00049	580
1001392	1028286	26949	55	26895	26895	100.00	1698995	26949	1.58	99.80	redundans_scaffold00049	1856
1012766	1028638	17897	2106	15873	15792	93.34	1698995	17897	0.93	88.24	redundans_scaffold00049	162
1041988	1101057	1	59070	59070	59070	100.00	1698995	59086	3.48	99.97	redundans_scaffold00049	156
1043615	1060930	11957	29272	17316	17316	99.66	1698995	30835	1.02	56.16	redundans_scaffold00049	2086
1051223	1069754	15506	33854	18532	18349	93.45	1698995	42502	1.09	43.17	redundans_scaffold00049	1910
1101073	1376689	1	275617	275617	275617	100.00	1698995	346850	16.22	79.46	redundans_scaffold00049	646
1376705	1698995	322291	1	322291	322291	100.00	1698995	322291	18.97	100.00	redundans_scaffold00049	1278
1	573991	1	573991	573991	573991	100.00	573991	573991	100.00	100.00	redundans_scaffold00050	622
1	570586	1	570586	570586	570586	100.00	570586	570586	100.00	100.00	redundans_scaffold00051	42
1	262755	1	262755	262755	262755	100.00	563463	538745	46.63	48.77	redundans_scaffold00053	942
262771	563463	1	300693	300693	300693	100.00	563463	300693	53.37	100.00	redundans_scaffold00053	690
1	533898	1	533898	533898	533898	100.00	533898	533898	100.00	100.00	redundans_scaffold00054	980
1	506787	1	506787	506787	506787	100.00	506787	506787	100.00	100.00	redundans_scaffold00055	570
1	502941	1	502941	502941	502941	100.00	502941	502941	100.00	100.00	redundans_scaffold00056	992
481448	497188	62701	78628	15741	15928	92.06	502941	78628	3.13	20.26	redundans_scaffold00056	1904
1	379127	1	379127	379127	379127	100.00	518129	501024	73.17	75.67	redundans_scaffold00057	432
379143	518129	138987	1	138987	138987	100.00	518129	138987	26.82	100.00	redundans_scaffold00057	1276
1	498536	1	498536	498536	498536	100.00	729395	498745	68.35	99.96	redundans_scaffold00058	1400
399795	416925	859223	842050	17131	17174	98.82	729395	1115537	2.35	1.54	redundans_scaffold00058	844
399802	417194	162938	180363	17393	17426	98.89	729395	304075	2.38	5.73	redundans_scaffold00058	402
498552	514470	167992	152092	15919	15901	98.36	729395	395638	2.18	4.02	redundans_scaffold00058	1076
498552	671457	1	172906	172906	172906	100.00	729395	208970	23.71	82.74	redundans_scaffold00058	678
671473	729395	57923	1	57923	57923	100.00	729395	57923	7.94	100.00	redundans_scaffold00058	1616
1	78066	1	78066	78066	78066	100.00	574376	78066	13.59	100.00	redundans_scaffold00059	1476
79034	574376	1	495343	495343	495343	100.00	574376	495343	86.24	100.00	redundans_scaffold00059	268
91669	108224	9149	25534	16556	16386	93.85	574376	291990	2.88	5.61	redundans_scaffold00059	1056
9531	100283	90753	1	90753	90753	100.00	100283	90753	90.50	100.00	redundans_scaffold00060	1438
1	472804	1	472804	472804	472804	100.00	472804	472804	100.00	100.00	redundans_scaffold00061	318
16	197537	197522	1	197522	197522	100.00	575474	197522	34.32	100.00	redundans_scaffold00062	612
202000	277231	1	75232	75232	75232	100.00	575474	467901	13.07	16.08	redundans_scaffold00062	234
214427	232990	298152	279504	18564	18649	96.98	575474	314284	3.23	5.93	redundans_scaffold00062	356
277247	575474	298228	1	298228	298228	100.00	575474	298228	51.82	100.00	redundans_scaffold00062	450
1	47799	1	47799	47799	47799	100.00	909534	157915	5.26	30.27	redundans_scaffold00065	1686
47815	226111	181931	3635	178297	178297	100.00	909534	181931	19.60	98.00	redundans_scaffold00065	1078
54993	73907	181057	199972	18915	18916	99.53	909534	871801	2.08	2.17	redundans_scaffold00065	468
167653	184293	122344	139132	16641	16789	94.25	909534	157915	1.83	10.63	redundans_scaffold00065	1686
185481	202244	140293	156499	16764	16207	95.62	909534	157915	1.84	10.26	redundans_scaffold00065	1686
226127	264517	1	38437	38391	38437	99.57	909534	116436	4.22	33.01	redundans_scaffold00065	1646
263670	318289	67214	12595	54620	54620	100.00	909534	67214	6.01	81.26	redundans_scaffold00065	510
287724	307463	27411	7901	19740	19511	94.51	909534	28851	2.17	67.63	redundans_scaffold00065	2016
318305	428223	1	109919	109919	109919	100.00	909534	230288	12.09	47.73	redundans_scaffold00065	818
428239	865521	1	437283	437283	437283	100.00	909534	437301	48.08	100.00	redundans_scaffold00065	1108
865537	909534	1	43998	43998	43998	100.00	909534	43998	4.84	100.00	redundans_scaffold00065	1948
1	435903	1	435903	435903	435903	100.00	854450	437050	51.02	99.74	redundans_scaffold00066	496
6782	22879	15915	32014	16098	16100	96.69	854450	53067	1.88	30.34	redundans_scaffold00066	686
23439	39332	32007	47928	15894	15922	97.61	854450	53067	1.86	30.00	redundans_scaffold00066	686
62193	77550	16989	32301	15358	15313	96.60	854450	369296	1.80	4.15	redundans_scaffold00066	498
265764	284675	218950	237858	18912	18909	97.37	854450	369296	2.21	5.12	redundans_scaffold00066	498
379679	395385	311889	327587	15707	15699	97.04	854450	369296	1.84	4.25	redundans_scaffold00066	498
404859	421173	337169	353400	16315	16232	95.19	854450	369296	1.91	4.40	redundans_scaffold00066	498
435919	478589	1	42671	42671	42671	100.00	854450	179477	4.99	23.78	redundans_scaffold00066	634
478605	854450	375846	1	375846	375846	100.00	854450	375846	43.99	100.00	redundans_scaffold00066	374
1	320360	1	320360	320360	320360	100.00	479289	429212	66.84	74.64	redundans_scaffold00067	860
320376	479289	158914	1	158914	158914	100.00	479289	158914	33.16	100.00	redundans_scaffold00067	1312
1	423346	1	423346	423346	423346	100.00	989223	423346	42.80	100.00	redundans_scaffold00068	858
423347	520612	97270	5	97266	97266	100.00	989223	97270	9.83	100.00	redundans_scaffold00068	254
520628	687342	1	166715	166715	166715	100.00	989223	166737	16.85	99.99	redundans_scaffold00068	1126
581951	597486	106486	90823	15536	15664	95.79	989223	153886	1.57	10.18	redundans_scaffold00068	608
687358	792138	383176	278396	104781	104781	100.00	989223	383176	10.59	27.35	redundans_scaffold00068	400
792154	810552	118177	99719	18399	18459	98.92	989223	141006	1.86	13.09	redundans_scaffold00068	238
792154	833218	60856	19792	41065	41065	100.00	989223	60856	4.15	67.48	redundans_scaffold00068	800
833234	989223	155990	1	155990	155990	100.00	989223	155990	15.77	100.00	redundans_scaffold00068	396
1	421213	1	421213	421213	421213	100.00	421213	421213	100.00	100.00	redundans_scaffold00069	60
1	420095	1	420095	420095	420095	100.00	420095	420095	100.00	100.00	redundans_scaffold00070	4
1	416680	1	416680	416680	416680	100.00	416680	416680	100.00	100.00	redundans_scaffold00071	894
83701	100447	17771	35294	16747	17524	92.51	416680	331815	4.02	5.28	redundans_scaffold00071	834
1	309272	1	309272	309272	309272	100.00	611359	415903	50.59	74.36	redundans_scaffold00072	232
309288	611359	1	302072	302072	302072	100.00	611359	302072	49.41	100.00	redundans_scaffold00072	808
361488	385095	88160	64603	23608	23558	99.09	611359	281614	3.86	8.37	redundans_scaffold00072	252
1	401530	1	401530	401530	401530	100.00	401530	401530	100.00	100.00	redundans_scaffold00073	1294
4828	27963	224991	201879	23136	23113	98.42	401530	457333	5.76	5.05	redundans_scaffold00073	666
1	389055	1	389055	389055	389055	100.00	632575	389076	61.50	99.99	redundans_scaffold00074	472
389071	455624	66568	15	66554	66554	100.00	632575	66568	10.52	99.98	redundans_scaffold00074	1330
455655	518550	86078	23183	62896	62896	100.00	632575	86078	9.94	73.07	redundans_scaffold00074	448
496137	513772	1827	19371	17636	17545	93.47	632575	24701	2.79	71.03	redundans_scaffold00074	1810
518596	632575	1	113980	113980	113980	100.00	632575	113980	18.02	100.00	redundans_scaffold00074	1246
1	384283	1	384283	384283	384283	100.00	428200	384301	89.74	100.00	redundans_scaffold00075	962
384299	428200	43902	1	43902	43902	100.00	428200	43902	10.25	100.00	redundans_scaffold00075	1488
1	381379	1	381379	381379	381379	100.00	381379	381379	100.00	100.00	redundans_scaffold00076	632
1	377816	1	377816	377816	377816	100.00	377816	377816	100.00	100.00	redundans_scaffold00077	1114
1	50961	1	50961	50961	50961	100.00	404009	347862	12.61	14.65	redundans_scaffold00078	154
50977	95689	1	44713	44713	44713	100.00	404009	44725	11.07	99.97	redundans_scaffold00078	1728
53027	69302	1720	17907	16276	16188	97.73	404009	33245	4.03	48.69	redundans_scaffold00078	1978
78733	94477	202133	217804	15745	15672	98.78	404009	535692	3.90	2.93	redundans_scaffold00078	948
95705	404009	308305	1	308305	308305	100.00	404009	308305	76.31	100.00	redundans_scaffold00078	624
246419	262936	40247	56672	16518	16426	98.12	404009	520971	4.09	3.15	redundans_scaffold00078	512
264898	282458	57902	75463	17561	17562	99.42	404009	520971	4.35	3.37	redundans_scaffold00078	512
345991	375170	136748	165896	29180	29149	99.01	404009	520971	7.22	5.60	redundans_scaffold00078	512
1	128727	186720	57961	128727	128760	99.88	573768	186720	22.44	68.96	redundans_scaffold00079	528
127151	227394	100262	19	100244	100244	100.00	573768	100262	17.47	99.98	redundans_scaffold00079	286
227410	573768	1	346359	346359	346359	100.00	573768	346359	60.37	100.00	redundans_scaffold00079	1676
1	344185	1	344185	344185	344185	100.00	344185	344185	100.00	100.00	redundans_scaffold00080	1320
1	233118	1	233091	233118	233091	99.93	276362	342712	84.35	68.01	redundans_scaffold00081	1054
245	15957	787	16584	15713	15798	89.28	276362	158036	5.69	10.00	redundans_scaffold00081	1322
232190	276362	44173	1	44173	44173	100.00	276362	44173	15.98	100.00	redundans_scaffold00081	1976
1	319952	1	319952	319952	319952	100.00	319952	319952	100.00	100.00	redundans_scaffold00082	1572
1	182988	1	182988	182988	182988	100.00	506865	182988	36.10	100.00	redundans_scaffold00083	1484
189769	506865	1	317097	317097	317097	100.00	506865	317097	62.56	100.00	redundans_scaffold00083	626
1	272967	1	272967	272967	272967	100.00	848762	317032	32.16	86.10	redundans_scaffold00084	534
99304	118648	82084	62747	19345	19338	93.65	848762	164865	2.28	11.73	redundans_scaffold00084	1734
203215	220620	1302	18692	17406	17391	94.99	848762	62660	2.05	27.75	redundans_scaffold00084	1920
272983	365815	1	92833	92833	92833	100.00	848762	92833	10.94	100.00	redundans_scaffold00084	1834
374566	402769	1	28204	28204	28204	100.00	848762	28204	3.32	100.00	redundans_scaffold00084	852
402945	496190	1	93246	93246	93246	100.00	848762	93272	10.99	99.97	redundans_scaffold00084	558
452716	475293	22705	438	22578	22268	97.63	848762	46871	2.66	47.51	redundans_scaffold00084	2018
478796	495774	70596	53617	16979	16980	97.44	848762	72993	2.00	23.26	redundans_scaffold00084	2190
496206	569764	73577	19	73559	73559	100.00	848762	73577	8.67	99.98	redundans_scaffold00084	1128
573430	670193	237079	140316	96764	96764	100.00	848762	237079	11.40	40.82	redundans_scaffold00084	1248
670209	767795	1	97587	97587	97587	100.00	848762	97587	11.50	100.00	redundans_scaffold00084	6
768593	848762	1	80170	80170	80170	100.00	848762	80170	9.45	100.00	redundans_scaffold00084	1536
776673	793860	6099	23833	17188	17735	94.86	848762	62644	2.03	28.31	redundans_scaffold00084	8
1	315288	1	315288	315288	315288	100.00	315288	315288	100.00	100.00	redundans_scaffold00085	604
1	315119	1	315119	315119	315119	100.00	315119	315119	100.00	100.00	redundans_scaffold00086	38
1	312548	1	312548	312548	312548	100.00	312548	312548	100.00	100.00	redundans_scaffold00087	1392
1	306721	1	306721	306721	306721	100.00	306721	306721	100.00	100.00	redundans_scaffold00088	168
1	26018	26018	1	26018	26018	100.00	193016	26018	13.48	100.00	redundans_scaffold00089	1428
26019	157981	1	131963	131963	131963	100.00	193016	302060	68.37	43.69	redundans_scaffold00089	694
157997	193016	1	35020	35020	35020	100.00	193016	35020	18.14	100.00	redundans_scaffold00089	668
1	298018	1	298018	298018	298018	100.00	298018	298018	100.00	100.00	redundans_scaffold00090	278
1	96748	172342	75595	96748	96748	100.00	459999	172342	21.03	56.14	redundans_scaffold00091	982
96764	355418	1	258655	258655	258655	100.00	459999	293714	56.23	88.06	redundans_scaffold00091	478
264908	283537	171854	190516	18630	18663	95.55	459999	222266	4.05	8.40	redundans_scaffold00091	640
355434	459999	1	104566	104566	104566	100.00	459999	104566	22.73	100.00	redundans_scaffold00091	1384
370325	385918	403878	388286	15594	15593	99.70	459999	414048	3.39	3.77	redundans_scaffold00091	68
370327	385412	103037	87935	15086	15103	98.55	459999	395080	3.28	3.82	redundans_scaffold00091	14
370327	385918	123674	108123	15592	15552	99.47	459999	304075	3.39	5.11	redundans_scaffold00091	402
1	292234	1	292234	292234	292234	100.00	292234	292234	100.00	100.00	redundans_scaffold00092	872
1	234436	1	234436	234436	234436	100.00	363760	289787	64.45	80.90	redundans_scaffold00093	348
234452	363760	1	129309	129309	129309	100.00	363760	129309	35.55	100.00	redundans_scaffold00093	1222
1	283338	1	283338	283338	283338	100.00	283338	283338	100.00	100.00	redundans_scaffold00094	1374
1	265303	1	265303	265303	265303	100.00	298866	265303	88.77	100.00	redundans_scaffold00095	598
231560	252314	133676	112721	20755	20956	98.00	298866	705048	6.94	2.97	redundans_scaffold00095	716
275984	298866	1	22883	22883	22883	100.00	298866	22883	7.66	100.00	redundans_scaffold00095	806
1	115116	1	115116	115116	115116	100.00	379177	170024	30.36	67.71	redundans_scaffold00096	446
115132	379177	1	264046	264046	264046	100.00	379177	264046	69.64	100.00	redundans_scaffold00096	1200
1	261735	1	261735	261735	261735	100.00	261735	261735	100.00	100.00	redundans_scaffold00097	940
1	77509	180493	102985	77509	77509	100.00	334809	180493	23.15	42.94	redundans_scaffold00098	680
77525	334809	1	257285	257285	257285	100.00	334809	257285	76.85	100.00	redundans_scaffold00098	404
148326	169293	88171	67183	20968	20989	97.13	334809	568477	6.26	3.69	redundans_scaffold00098	94
272619	288115	1174272	1189561	15497	15290	97.24	334809	2072160	4.63	0.74	redundans_scaffold00098	40
1	246356	1	246356	246356	246356	100.00	246356	246356	100.00	100.00	redundans_scaffold00099	122
1	245956	1	245956	245956	245956	100.00	245956	245956	100.00	100.00	redundans_scaffold00100	1518
178788	207794	67441	38498	29007	28944	93.70	245956	92513	11.79	31.29	redundans_scaffold00100	1370
1	237988	1	237988	237988	237988	100.00	237988	237988	100.00	100.00	redundans_scaffold00101	1230
1	149057	1	149057	149057	149057	100.00	393959	149057	37.84	100.00	redundans_scaffold00102	1298
158821	393959	1	235139	235139	235139	100.00	393959	235139	59.69	100.00	redundans_scaffold00102	1140
1	228593	1	228593	228593	228593	100.00	228593	228593	100.00	100.00	redundans_scaffold00103	1530
1	224055	1	224055	224055	224055	100.00	224055	224055	100.00	100.00	redundans_scaffold00104	176
152650	177659	64047	89106	25010	25060	93.20	224055	118430	11.16	21.16	redundans_scaffold00104	1408
1	222236	1	222236	222236	222236	100.00	222236	222236	100.00	100.00	redundans_scaffold00106	706
1	133139	133139	1	133139	133139	100.00	353340	133139	37.68	100.00	redundans_scaffold00107	522
133410	353340	1	219931	219931	219931	100.00	353340	219931	62.24	100.00	redundans_scaffold00107	218
1	218021	1	218021	218021	218021	100.00	218021	218021	100.00	100.00	redundans_scaffold00108	1672
1	204936	1	204936	204936	204936	100.00	204936	204936	100.00	100.00	redundans_scaffold00110	1310
1	204429	1	204429	204429	204429	100.00	204429	204429	100.00	100.00	redundans_scaffold00111	1360
20825	39830	107626	88575	19006	19052	99.12	204429	188422	9.30	10.11	redundans_scaffold00111	1284
20841	40126	85638	66369	19286	19270	99.42	204429	134229	9.43	14.36	redundans_scaffold00111	30
22101	39830	869489	851815	17730	17675	99.42	204429	982176	8.67	1.80	redundans_scaffold00111	230
1	183478	1	183478	183478	183478	100.00	376963	203617	48.67	90.11	redundans_scaffold00112	428
183494	376963	1	193470	193470	193470	100.00	376963	193470	51.32	100.00	redundans_scaffold00112	504
1	124791	1	124791	124791	124791	100.00	393598	200916	31.71	62.11	redundans_scaffold00113	1172
124807	271366	191447	44888	146560	146560	100.00	393598	191447	37.24	76.55	redundans_scaffold00113	1882
271382	393598	1	122217	122217	122217	100.00	393598	122217	31.05	100.00	redundans_scaffold00113	264
1	195465	1	195465	195465	195465	100.00	195465	195465	100.00	100.00	redundans_scaffold00114	752
1	193905	1	193905	193905	193905	100.00	193905	193905	100.00	100.00	redundans_scaffold00115	250
1	182690	1	182690	182690	182690	100.00	182690	182690	100.00	100.00	redundans_scaffold00116	1394
1	180672	1	180672	180672	180672	100.00	180672	180672	100.00	100.00	redundans_scaffold00117	548
1	44809	1	44809	44809	44809	100.00	184565	178424	24.28	25.11	redundans_scaffold00118	1058
44825	141875	1	97051	97051	97051	100.00	184565	123389	52.58	78.65	redundans_scaffold00118	1598
141891	184565	42675	1	42675	42675	100.00	184565	42675	23.12	100.00	redundans_scaffold00118	1690
1	175267	1	175267	175267	175267	100.00	175267	175267	100.00	100.00	redundans_scaffold00119	1454
1	172048	1	172048	172048	172048	100.00	172048	172048	100.00	100.00	redundans_scaffold00120	454
29505	45032	123756	108255	15528	15502	98.00	172048	167168	9.03	9.27	redundans_scaffold00120	178
1	101792	1	101792	101792	101792	100.00	310570	113281	32.78	89.86	redundans_scaffold00121	1642
101808	143622	1	41815	41815	41815	100.00	310570	57606	13.46	72.59	redundans_scaffold00121	904
109044	125989	91457	108374	16946	16918	98.18	310570	113281	5.46	14.93	redundans_scaffold00121	1642
143638	310570	1	166933	166933	166933	100.00	310570	166933	53.75	100.00	redundans_scaffold00121	744
151764	175464	33885	57604	23701	23720	98.55	310570	57606	7.63	41.18	redundans_scaffold00121	904
1	166294	1	166294	166294	166294	100.00	166294	166294	100.00	100.00	redundans_scaffold00122	1432
1	162728	1	162728	162728	162728	100.00	162728	162728	100.00	100.00	redundans_scaffold00123	1610
85706	103342	516912	499270	17637	17643	99.67	162728	1062192	10.84	1.66	redundans_scaffold00123	26
1	160351	1	160351	160351	160351	100.00	160351	160351	100.00	100.00	redundans_scaffold00124	1692
1	158689	1	158689	158689	158689	100.00	158689	158689	100.00	100.00	redundans_scaffold00126	1160
1	158424	1	158424	158424	158424	100.00	261516	158424	60.58	100.00	redundans_scaffold00127	1074
174238	261516	87279	1	87279	87279	100.00	261516	87279	33.37	100.00	redundans_scaffold00127	452
1	156790	1	156790	156790	156790	100.00	156790	156790	100.00	100.00	redundans_scaffold00128	58
1	38462	38476	15	38462	38462	100.00	288232	38476	13.34	99.96	redundans_scaffold00129	1414
38478	194443	1	155966	155966	155966	100.00	288232	155966	54.11	100.00	redundans_scaffold00129	628
227590	288232	1	60643	60643	60643	100.00	288232	60643	21.04	100.00	redundans_scaffold00129	938
1	152250	1	152250	152250	152250	100.00	303699	152250	50.13	100.00	redundans_scaffold00130	1104
157137	303699	1	146563	146563	146563	100.00	303699	146563	48.26	100.00	redundans_scaffold00130	1696
1	150008	1	150008	150008	150008	100.00	150008	150008	100.00	100.00	redundans_scaffold00131	1670
50121	65801	78473	94066	15681	15594	93.42	150008	491284	10.45	3.17	redundans_scaffold00131	1218
131751	150005	1327918	1346200	18255	18283	98.81	150008	1440284	12.17	1.27	redundans_scaffold00131	912
1	148441	1	148441	148441	148441	100.00	148441	148441	100.00	100.00	redundans_scaffold00132	996
1	147144	1	147144	147144	147144	100.00	147144	147144	100.00	100.00	redundans_scaffold00134	862
1	115291	1	115291	115291	115291	100.00	201342	146949	57.26	78.46	redundans_scaffold00135	1440
115307	201342	86036	1	86036	86036	100.00	201342	86036	42.73	100.00	redundans_scaffold00135	1492
1	129513	129513	1	129513	129513	100.00	294521	129513	43.97	100.00	redundans_scaffold00137	954
153877	294521	1	140645	140645	140645	100.00	294521	140645	47.75	100.00	redundans_scaffold00137	1052
16	138592	1	138577	138577	138577	100.00	138592	138577	99.99	100.00	redundans_scaffold00139	1274
1	137144	1	137144	137144	137144	100.00	137144	137144	100.00	100.00	redundans_scaffold00140	772
1	137008	1	137008	137008	137008	100.00	137008	137008	100.00	100.00	redundans_scaffold00141	1678
1	136737	1	136737	136737	136737	100.00	136737	136737	100.00	100.00	redundans_scaffold00142	976
1	132682	1	132682	132682	132682	100.00	132682	132682	100.00	100.00	redundans_scaffold00144	1900
1	129911	1	129911	129911	129911	100.00	129911	129911	100.00	100.00	redundans_scaffold00145	994
37755	53189	96652	112142	15435	15491	97.09	129911	193048	11.88	8.02	redundans_scaffold00145	692
1	93223	1	93223	93223	93223	100.00	130068	129871	71.67	71.78	redundans_scaffold00146	1198
93239	130068	1	36830	36830	36830	100.00	130068	36830	28.32	100.00	redundans_scaffold00146	1080
104555	123417	111119	129871	18863	18753	97.68	130068	129871	14.50	14.44	redundans_scaffold00146	1198
1	124815	1	124815	124815	124815	100.00	124815	124815	100.00	100.00	redundans_scaffold00148	1858
1	120180	1	120180	120180	120180	100.00	120180	120180	100.00	100.00	redundans_scaffold00149	1324
1	119841	1	119841	119841	119841	100.00	119841	119841	100.00	100.00	redundans_scaffold00150	1396
1	119579	1	119579	119579	119579	100.00	119579	119579	100.00	100.00	redundans_scaffold00151	1780
1	119548	1	119548	119548	119548	100.00	119548	119548	100.00	100.00	redundans_scaffold00152	1460
1	119448	1	119448	119448	119448	100.00	119448	119448	100.00	100.00	redundans_scaffold00153	236
1	118287	1	118287	118287	118287	100.00	118287	118287	100.00	100.00	redundans_scaffold00154	1550
1	118105	1	118105	118105	118105	100.00	118105	118105	100.00	100.00	redundans_scaffold00155	1452
1	117657	1	117657	117657	117657	100.00	117657	117657	100.00	100.00	redundans_scaffold00156	856
1	117110	1	117110	117110	117110	100.00	117110	117110	100.00	100.00	redundans_scaffold00157	866
1	115935	1	115935	115935	115935	100.00	115935	115935	100.00	100.00	redundans_scaffold00158	144
32603	49857	560926	578065	17255	17140	90.39	115935	600914	14.88	2.85	redundans_scaffold00158	78
52181	67610	54112	38820	15430	15293	95.13	115935	92565	13.31	16.52	redundans_scaffold00158	140
1	114797	1	114797	114797	114797	100.00	114797	114797	100.00	100.00	redundans_scaffold00159	1622
45391	67011	76430	98046	21621	21617	99.55	114797	314923	18.83	6.86	redundans_scaffold00159	990
86223	105691	654796	635318	19469	19479	96.57	114797	1115537	16.96	1.75	redundans_scaffold00159	844
1	114584	1	114584	114584	114584	100.00	114584	114584	100.00	100.00	redundans_scaffold00160	1626
1	107255	1	107255	107255	107255	100.00	107255	107255	100.00	100.00	redundans_scaffold00163	1648
16	105872	1	105857	105857	105857	100.00	105872	105857	99.99	100.00	redundans_scaffold00164	1638
1	103966	1	103966	103966	103966	100.00	103966	103966	100.00	100.00	redundans_scaffold00165	1630
1	96174	1	96174	96174	96174	100.00	121778	103957	78.97	92.51	redundans_scaffold00166	850
96190	121778	25589	1	25589	25589	100.00	121778	25589	21.01	100.00	redundans_scaffold00166	2124
1	103754	1	103754	103754	103754	100.00	103754	103754	100.00	100.00	redundans_scaffold00167	1106
1	103335	1	103335	103335	103335	100.00	138419	103343	74.65	99.99	redundans_scaffold00168	824
103351	138419	1	35069	35069	35069	100.00	138419	35069	25.34	100.00	redundans_scaffold00168	564
115316	137705	24965	2006	22390	22960	95.08	138419	28322	16.18	81.07	redundans_scaffold00168	2108
1	102292	1	102292	102292	102292	100.00	102292	102292	100.00	100.00	redundans_scaffold00169	1624
1	101686	1	101686	101686	101686	100.00	101686	101686	100.00	100.00	redundans_scaffold00170	92
5941	107587	1	101647	101647	101647	100.00	107587	101647	94.48	100.00	redundans_scaffold00171	1716
1	101056	1	101056	101056	101056	100.00	101056	101056	100.00	100.00	redundans_scaffold00172	936
1	100357	1	100357	100357	100357	100.00	100357	100357	100.00	100.00	redundans_scaffold00173	1848
1	100239	1	100239	100239	100239	100.00	100239	100239	100.00	100.00	redundans_scaffold00174	148
1	23282	23282	1	23282	23282	100.00	120055	23282	19.39	100.00	redundans_scaffold00175	1984
23298	120055	1	96758	96758	96758	100.00	120055	96758	80.59	100.00	redundans_scaffold00175	1714
32285	56131	70623	46822	23847	23802	99.40	120055	94931	19.86	25.07	redundans_scaffold00175	266
1	93616	1	93616	93616	93616	100.00	93616	93616	100.00	100.00	redundans_scaffold00177	358
1	22811	1	22811	22811	22811	100.00	116091	27551	19.65	82.80	redundans_scaffold00178	1660
22827	116091	1	93265	93265	93265	100.00	116091	93265	80.34	100.00	redundans_scaffold00178	1662
1	90235	1	90235	90235	90235	100.00	90235	90235	100.00	100.00	redundans_scaffold00179	1022
1	89369	1	89369	89369	89369	100.00	89369	89369	100.00	100.00	redundans_scaffold00180	1436
1	88115	1	88115	88115	88115	100.00	88115	88115	100.00	100.00	redundans_scaffold00181	1066
1	86763	1	86763	86763	86763	100.00	86763	86763	100.00	100.00	redundans_scaffold00182	602
1	86207	1	86207	86207	86207	100.00	86207	86207	100.00	100.00	redundans_scaffold00183	738
14027	31825	138174	120395	17799	17780	99.46	86207	535692	20.65	3.32	redundans_scaffold00183	948
1	84689	1	84689	84689	84689	100.00	84689	84689	100.00	100.00	redundans_scaffold00184	1382
1	82994	1	82994	82994	82994	100.00	168391	82994	49.29	100.00	redundans_scaffold00185	1256
83901	168391	1	84491	84491	84491	100.00	168391	84491	50.18	100.00	redundans_scaffold00185	1738
1	83896	1	83896	83896	83896	100.00	83896	83896	100.00	100.00	redundans_scaffold00186	966
1	83567	1	83567	83567	83567	100.00	83567	83567	100.00	100.00	redundans_scaffold00187	1528
1	82786	1	82786	82786	82786	100.00	82786	82786	100.00	100.00	redundans_scaffold00188	224
1	82651	1	82651	82651	82651	100.00	82651	82651	100.00	100.00	redundans_scaffold00189	390
1	82616	1	82616	82616	82616	100.00	82616	82616	100.00	100.00	redundans_scaffold00190	438
1	82525	1	82525	82525	82525	100.00	82525	82525	100.00	100.00	redundans_scaffold00191	1772
1	80429	1	80429	80429	80429	100.00	80429	80429	100.00	100.00	redundans_scaffold00193	1982
11258	88645	1	77388	77388	77388	100.00	148917	77408	51.97	99.97	redundans_scaffold00194	2024
88661	148917	60257	1	60257	60257	100.00	148917	60257	40.46	100.00	redundans_scaffold00194	1828
1	76859	1	76859	76859	76859	100.00	76859	76859	100.00	100.00	redundans_scaffold00195	1554
1	75896	1	75896	75896	75896	100.00	75896	75896	100.00	100.00	redundans_scaffold00196	1544
43721	59242	73280	88961	15522	15682	94.28	75896	741226	20.45	2.12	redundans_scaffold00196	702
1	75817	1	75817	75817	75817	100.00	75817	75817	100.00	100.00	redundans_scaffold00197	978
1	75570	1	75570	75570	75570	100.00	75570	75570	100.00	100.00	redundans_scaffold00198	1110
13484	30668	53115	35681	17185	17435	96.57	75570	63134	22.74	27.62	redundans_scaffold00198	1902
20071	35521	39609	23992	15451	15618	96.79	75570	63134	20.45	24.74	redundans_scaffold00198	1902
1	74736	1	74736	74736	74736	100.00	74736	74736	100.00	100.00	redundans_scaffold00199	574
5889	21659	4900	20645	15771	15746	98.49	74736	71831	21.10	21.92	redundans_scaffold00199	526
55419	74239	51141	70031	18821	18891	98.28	74736	71831	25.18	26.30	redundans_scaffold00199	526
1	74299	1	74299	74299	74299	100.00	74299	74299	100.00	100.00	redundans_scaffold00200	610
1	73853	1	73853	73853	73853	100.00	73853	73853	100.00	100.00	redundans_scaffold00202	1220
1	73780	1	73780	73780	73780	100.00	73780	73780	100.00	100.00	redundans_scaffold00203	974
1	73302	1	73302	73302	73302	100.00	73302	73302	100.00	100.00	redundans_scaffold00204	316
1	65878	1	65878	65878	65878	100.00	65878	65878	100.00	100.00	redundans_scaffold00207	614
1	65795	1	65795	65795	65795	100.00	65795	65795	100.00	100.00	redundans_scaffold00208	118
1	62702	1	62702	62702	62702	100.00	62702	62702	100.00	100.00	redundans_scaffold00210	1288
1	61922	1	61922	61922	61922	100.00	61922	61922	100.00	100.00	redundans_scaffold00211	1956
1	60873	1	60873	60873	60873	100.00	60873	60873	100.00	100.00	redundans_scaffold00212	1506
1	60670	1	60670	60670	60670	100.00	98495	60693	61.60	99.96	redundans_scaffold00213	1402
60686	98495	37810	1	37810	37810	100.00	98495	37810	38.39	100.00	redundans_scaffold00213	796
1	59232	1	59232	59232	59232	100.00	59232	59232	100.00	100.00	redundans_scaffold00214	312
1	58357	1	58357	58357	58357	100.00	58357	58357	100.00	100.00	redundans_scaffold00215	1840
1	56641	1	56641	56641	56641	100.00	56641	56641	100.00	100.00	redundans_scaffold00216	1762
1	56470	1	56470	56470	56470	100.00	56470	56470	100.00	100.00	redundans_scaffold00217	1946
1	55061	1	55061	55061	55061	100.00	55061	55061	100.00	100.00	redundans_scaffold00218	1736
1	42703	1	42703	42703	42703	100.00	98046	42703	43.55	100.00	redundans_scaffold00219	186
43523	98046	1	54524	54524	54524	100.00	98046	54524	55.61	100.00	redundans_scaffold00219	184
1	54278	1	54278	54278	54278	100.00	54278	54278	100.00	100.00	redundans_scaffold00220	1296
1	51530	1	51530	51530	51530	100.00	51530	51530	100.00	100.00	redundans_scaffold00221	650
1	50657	1	50657	50657	50657	100.00	50657	50657	100.00	100.00	redundans_scaffold00222	950
1	50422	1	50422	50422	50422	100.00	50422	50422	100.00	100.00	redundans_scaffold00223	1620
1	50273	1	50273	50273	50273	100.00	50273	50273	100.00	100.00	redundans_scaffold00224	422
1	49105	1	49105	49105	49105	100.00	49105	49105	100.00	100.00	redundans_scaffold00225	1132
1	48955	1	48955	48955	48955	100.00	48955	48955	100.00	100.00	redundans_scaffold00226	1564
1	48561	1	48561	48561	48561	100.00	48561	48561	100.00	100.00	redundans_scaffold00227	1524
1	22285	1	22285	22285	22285	100.00	95661	44419	23.30	50.17	redundans_scaffold00228	846
22301	47141	1	24841	24841	24841	100.00	95661	37894	25.97	65.55	redundans_scaffold00228	1922
47157	95661	1	48505	48505	48505	100.00	95661	48505	50.71	100.00	redundans_scaffold00228	1754
48495	64092	1570	17178	15598	15609	93.20	95661	35232	16.31	44.30	redundans_scaffold00228	1782
1	46570	1	46570	46570	46570	100.00	46570	46570	100.00	100.00	redundans_scaffold00229	1898
1	45155	1	45155	45155	45155	100.00	45155	45155	100.00	100.00	redundans_scaffold00230	1196
1	43567	1	43567	43567	43567	100.00	77836	43567	55.97	100.00	redundans_scaffold00231	884
48714	77836	29123	1	29123	29123	100.00	77836	29123	37.42	100.00	redundans_scaffold00231	1232
1	41613	1	41613	41613	41613	100.00	41613	41613	100.00	100.00	redundans_scaffold00232	72
1	40726	1	40726	40726	40726	100.00	40726	40726	100.00	100.00	redundans_scaffold00234	1770
1	39696	1	39696	39696	39696	100.00	39696	39696	100.00	100.00	redundans_scaffold00236	1952
1	39615	1	39615	39615	39615	100.00	39615	39615	100.00	100.00	redundans_scaffold00237	1504
1	38655	1	38655	38655	38655	100.00	38655	38655	100.00	100.00	redundans_scaffold00238	1960
1	37609	1	37609	37609	37609	100.00	37609	37609	100.00	100.00	redundans_scaffold00239	412
1	29987	1	29987	29987	29987	100.00	68917	29987	43.51	100.00	redundans_scaffold00240	886
31855	68917	1	37063	37063	37063	100.00	68917	37063	53.78	100.00	redundans_scaffold00240	888
9939	45472	1	35534	35534	35534	100.00	45472	35534	78.14	100.00	redundans_scaffold00243	1464
1	35522	1	35522	35522	35522	100.00	35522	35522	100.00	100.00	redundans_scaffold00244	2082
1	35279	1	35279	35279	35279	100.00	61799	35310	57.09	99.91	redundans_scaffold00245	1704
35295	61799	1	26505	26505	26505	100.00	61799	26505	42.89	100.00	redundans_scaffold00245	1706
1	33872	1	33872	33872	33872	100.00	33872	33872	100.00	100.00	redundans_scaffold00246	2062
1	33068	1	33068	33068	33068	100.00	33068	33068	100.00	100.00	redundans_scaffold00248	1980
1	30530	1	30530	30530	30530	100.00	30530	30530	100.00	100.00	redundans_scaffold00249	1718
1	29730	1	29730	29730	29730	100.00	29730	29730	100.00	100.00	redundans_scaffold00250	1974
1	28228	1	28228	28228	28228	100.00	28228	28228	100.00	100.00	redundans_scaffold00251	2040
1	27043	1	27043	27043	27043	100.00	27043	27043	100.00	100.00	redundans_scaffold00252	1176
1	25093	1	25093	25093	25093	100.00	25093	25093	100.00	100.00	redundans_scaffold00253	970
1	24816	1	24816	24816	24816	100.00	24816	24816	100.00	100.00	redundans_scaffold00254	1926
1	21882	1	21882	21882	21882	100.00	21882	21882	100.00	100.00	redundans_scaffold00255	1962
1	20966	1	20966	20966	20966	100.00	20966	20966	100.00	100.00	redundans_scaffold00258	1994
1	18987	1	18987	18987	18987	100.00	18987	18987	100.00	100.00	redundans_scaffold00260	1446
1	17902	1	17902	17902	17902	100.00	17902	17902	100.00	100.00	redundans_scaffold00261	1966
1	15179	1	15179	15179	15179	100.00	15179	15179	100.00	100.00	redundans_scaffold00262	2144
